received=81091 KB rate=27.455418 Mbps
sent=81091 KB rate=27.382290 Mbps
