received=84610 KB rate=3.472080 Mbps
sent=84610 KB rate=3.462105 Mbps
