received=105425 KB rate=36.894976 Mbps
sent=105425 KB rate=36.858130 Mbps
