received=57402 KB rate=18.642709 Mbps
sent=57402 KB rate=18.550151 Mbps
