received=68793 KB rate=23.308701 Mbps
sent=68793 KB rate=23.276248 Mbps
