received=68776 KB rate=23.641351 Mbps
sent=68776 KB rate=23.626953 Mbps
