received=58118 KB rate=18.696683 Mbps
sent=58118 KB rate=18.634713 Mbps
