received=57447 KB rate=2.327927 Mbps
sent=57447 KB rate=2.315970 Mbps
