received=55027 KB rate=18.369850 Mbps
sent=55027 KB rate=18.275155 Mbps
