received=68893 KB rate=23.693669 Mbps
sent=68893 KB rate=23.683258 Mbps
